Data/GIS/ElevRaster.asc
NCOLS 50
NROWS 50
XLLCORNER 12.5663
YLLCORNER 55.6712
DX 0.00067
DY 0.0004
NODATA_VALUE -9999
[rows 0 to 31 of 50, columns 0 to 49 of 50]
19.304978 19.333961 19.35072 19.35366 19.341389 19.312883 19.267647 19.205878 19.128561 19.037525 18.935425 18.82566 18.712152 18.598792 18.488239 18.379899 18.267588 18.138521 17.975245 17.76197 17.500943 17.228726 16.965963 16.613298 16.108874 15.565114 15.02587 14.500662 14.068472 13.77836 13.404352 12.755691 11.655371 11.376964 11.786109 11.686678 11.445948 11.170679 10.884427 10.594111 10.303363 10.013505 9.725261 9.4440218 9.1785125 8.9200851 8.6269472 8.255897 7.8246314 7.450914
19.438106 19.47449 19.498158 19.507243 19.500077 19.47539 19.432526 19.371651 19.293891 19.201414 19.097444 18.986247 18.873024 18.763467 18.662422 18.571068 18.482978 18.381745 18.242928 18.039573 17.767951 17.504982 17.341855 17.033213 16.390504 15.758857 15.15732 14.54138 14.061506 13.869683 13.511313 12.88137 12.116449 11.794651 11.791584 11.600955 11.331221 11.038301 10.734733 10.425419 10.1149 9.8036411 9.4894522 9.179502 8.8960795 8.6370454 8.3321318 7.8939608 7.3232397 6.7760833
19.576553 19.621256 19.652772 19.668909 19.667652 19.647412 19.607307 19.547428 19.469037 19.374668 19.268168 19.15476 19.041147 18.935363 18.845531 18.776158 18.721596 18.661045 18.56187 18.380083 18.085099 17.817992 17.906345 17.769118 16.758432 16.036963 15.383062 14.614017 14.055769 13.994203 13.607098 12.978457 12.377924 12.004071 11.77279 11.506557 11.210925 10.901409 10.578907 10.247477 9.9150622 9.5807823 9.235322 8.8839291 8.5759251 8.3334374 8.0415964 7.5390588 6.7942257 5.966459
19.720566 19.774644 19.81511 19.839383 19.845017 19.830007 19.793154 19.734421 19.655194 19.558405 19.448567 19.331917 19.216817 19.114182 19.036842 18.995215 18.986678 18.984514 18.947592 18.816195 18.477455 18.134618 18.722959 19.163385 17.151328 16.488912 15.818725 14.729235 14.06383 13.888955 13.629902 12.997061 12.444613 12.035481 11.71192 11.400749 11.086414 10.762211 10.417735 10.058824 9.7023414 9.3449643 8.9636657 8.5480686 8.1966596 7.998846 7.7672068 7.2224446 6.3070974 5.0223424
19.870388 19.935055 19.985768 20.019481 20.033213 20.024417 19.991457 19.934088 19.853811 19.754003 19.639898 19.518743 19.400575 19.299584 19.234977 19.227205 19.28175 19.362728 19.41527 19.403236 19.005036 18.398047 19.26081 20.472263 17.338925 17.338082 16.662501 14.848199 14.076337 13.822299 13.523885 12.940927 12.406301 11.98105 11.621023 11.287458 10.961835 10.624953 10.25254 9.8562401 9.4743432 9.0960882 8.6805494 8.1637735 7.7233812 7.6143153 7.5216716 6.983051 6.0201785 4.0553788
20.026246 20.102902 20.16539 20.21012 20.233444 20.232112 20.203885 20.148196 20.066653 19.963171 19.843788 19.716707 19.593442 19.491444 19.437774 19.468922 19.609889 19.813984 19.968987 20.211829 19.78504 18.591119 18.661132 18.979183 17.139839 18.153837 17.377251 14.84488 14.064096 13.831797 13.428151 12.841843 12.311474 11.889052 11.516633 11.176284 10.844668 10.496545 10.085494 9.632189 9.2285053 8.8308971 8.4007581 7.7358307 7.1158452 7.1596915 7.3181315 6.8519955 6.1053868 3.9046889
20.188346 20.278598 20.354667 20.412327 20.447109 20.454843 20.432459 20.3789 20.295869 20.188 20.062324 19.927905 19.797278 19.690436 19.642481 19.713151 19.969263 20.378652 20.59862 21.188792 20.798671 18.702397 17.958066 17.540305 16.702641 17.102404 16.408722 14.635869 14.014008 14.194923 13.424261 12.720834 12.187548 11.793152 11.414183 11.086017 10.746941 10.386468 9.9215256 9.3684355 8.9681538 8.5373959 8.1418842 7.3149113 6.4081017 6.6611162 7.1775669 6.8433908 6.281246 6.4219856
20.356857 20.462547 20.554329 20.627248 20.675827 20.694704 20.679648 20.628852 20.544089 20.431028 20.298124 20.155246 20.01524 19.899178 19.846979 19.946508 20.340236 21.116317 21.430937 21.946703 20.667231 18.644255 17.567828 16.887903 16.248841 15.948253 15.308099 14.328404 13.895168 14.286562 13.338777 12.577179 12.069112 11.738622 11.324954 11.060096 10.687042 10.30263 9.7756414 9.0300629 8.7253472 8.2149681 7.8821271 7.0682377 5.944813 6.3370105 7.1419708 6.954284 6.4120464 6.4360968
20.531888 20.655121 20.765132 20.856152 20.921484 20.954219 20.948508 20.90137 20.814554 20.695297 20.554406 20.402657 20.252226 20.124202 20.053578 20.14905 20.673836 21.89908 22.308373 20.736916 19.817956 18.484081 17.314799 16.570607 15.903596 15.335114 14.712202 14.045011 13.767752 13.637602 13.116575 12.421051 12.027253 11.735141 11.249275 11.192179 10.689008 10.235023 9.6820608 8.6841045 8.5966882 8.0160266 7.7638502 7.2287045 6.2233029 6.5722332 7.2505637 7.1551991 6.6352965 6.105623
20.71347 20.856633 20.987835 21.10043 21.186266 21.236445 21.242867 21.20069 21.111338 20.984408 20.834984 20.675396 20.515039 20.378579 20.278981 20.303587 20.758434 21.690882 21.216486 19.999392 19.948313 18.353312 17.109972 16.476079 15.680593 14.979478 14.374831 13.807787 13.893113 13.547795 12.914945 12.258754 11.875447 11.49323 11.157383 11.520271 10.717356 10.108332 9.654353 8.7490159 8.6505119 8.2704802 8.0145028 7.5983194 6.962488 7.1022428 7.4810499 7.4128918 6.9896985 6.5196351
20.901527 21.067306 21.223174 21.361584 21.472699 21.545102 21.567588 21.532359 21.439732 21.302598 21.144114 20.980801 20.812304 20.68261 20.580616 20.429694 20.46658 20.871807 20.259878 19.468618 19.547273 18.034905 16.959932 16.73457 15.525194 14.729534 14.175529 13.565371 13.214026 13.244155 12.69992 12.064371 11.552433 11.066659 10.827531 11.340636 10.435991 10.023583 9.6212613 9.0703818 8.7974102 8.4127169 7.9788752 7.8795504 7.6032093 7.6108588 7.7665378 7.6983013 7.3972285 7.0685385
21.095842 21.287224 21.471805 21.641203 21.783684 21.884718 21.928907 21.903839 21.806967 21.654963 21.485806 21.330003 21.157379 21.046703 21.138764 20.629656 20.552081 20.194138 19.614963 18.965899 18.506495 17.555242 16.796778 16.693372 15.32861 14.539991 14.138197 13.302109 12.27343 12.729918 12.452609 11.826067 11.209049 10.663486 10.218495 10.347783 9.7793821 9.6348385 9.5135333 9.2048288 8.8820363 8.3463878 7.3028829 7.9963463 8.0227045 8.0093724 8.0510811 7.9838545 7.7842041 7.5750202
21.296026 21.516279 21.734247 21.940918 22.122522 22.260784 22.334851 22.325401 22.223556 22.048279 21.861974 21.739542 21.588504 21.396402 22.191026 20.836381 21.013805 19.852131 19.188724 18.545455 17.921994 17.155367 16.480703 15.979882 15.076745 14.430313 14.14409 12.9335 12.475562 12.568258 12.213575 11.553287 10.789505 10.335931 10.032725 9.7351183 8.6697907 8.920286 9.3421536 9.1888288 8.8626445 8.3664641 7.4172716 8.13793 8.3007874 8.3056889 8.3055883 8.2483239 8.1221472 7.9984313
21.501476 21.754096 22.010788 22.262338 22.492931 22.679926 22.79571 22.811336 22.705654 22.493436 22.269839 22.221667 22.233494 21.660074 21.667824 20.763291 20.492159 19.610321 18.91112 18.244123 17.572018 16.858547 16.175944 15.531721 14.852052 14.272022 13.791653 12.711532 12.354302 12.463216 11.990239 11.266081 10.195603 9.7481622 10.08456 9.4694342 8.4264357 8.1679427 9.1950261 9.0933892 8.6912101 8.4311538 8.1967574 8.3889856 8.5095959 8.5271241 8.5198766 8.479473 8.405542 8.3404938
21.711348 21.999962 22.301375 22.606958 22.899086 23.150101 23.324489 23.381381 23.27887 23.010926 22.705212 22.715635 23.399726 22.021454 21.304311 20.663311 20.12302 19.445022 18.748481 18.05142 17.34943 16.644294 15.947743 15.254773 14.705119 14.073712 13.496406 12.986887 12.61338 12.357417 11.777602 10.97391 9.9491762 9.4619178 10.008488 9.3998345 8.6079746 8.6836518 9.1333526 8.968698 8.2850266 8.2131151 8.5157513 8.6041537 8.6714423 8.6930732 8.6927582 8.6725745 8.6373038 8.6132615
21.924537 22.252731 22.605456 22.976045 23.345717 23.680975 23.937362 24.061928 23.983955 23.639721 23.182081 23.045211 23.621644 22.470911 21.457996 20.753298 20.111618 19.411316 18.693544 17.951163 17.210859 16.499536 15.795742 15.084901 14.742909 13.893561 13.157577 13.060955 12.67979 12.257514 11.579873 10.623177 9.90224 9.9713109 9.9630643 9.2289941 7.6793069 8.9494433 9.0979397 8.8595942 8.2305281 8.1620879 8.6425379 8.7379895 8.7862941 8.8131601 8.8261247 8.8275402 8.8229243 8.829249
22.139697 22.510752 22.921791 23.370454 23.838366 24.284855 24.654478 24.88621 24.884208 24.449859 23.743771 23.383136 23.584907 23.132693 21.742164 21.065375 20.314972 19.508941 18.754558 17.932194 17.133566 16.417427 15.712167 15.023371 14.611026 13.817146 13.125848 13.012298 12.611077 12.171252 11.415815 10.296537 9.5008082 10.088046 9.9283713 9.3429387 8.5173937 9.0492207 9.0268533 8.8093719 8.455413 8.539397 8.7280582 8.8063877 8.8535876 8.8917478 8.9225423 8.9465828 8.9683221 8.9990589
22.355318 22.771811 23.248205 23.790327 24.383801 24.979223 25.502209 25.895325 26.06436 25.565257 24.435162 23.966686 23.824055 23.209964 22.134657 21.741564 20.684896 19.707845 18.981431 17.981061 17.104387 16.403594 15.685739 14.988315 14.435592 13.859997 13.335728 12.944248 12.54562 12.088783 11.274911 10.374363 9.9639269 10.059993 9.8244147 9.5135618 9.159363 9.0839845 8.862767 8.8174146 8.9638274 8.7363578 8.7668924 8.817454 8.8736679 8.9311661 8.9846353 9.0328593 9.0790992 9.1312459
22.569911 23.033175 23.581315 24.234579 24.990155 25.793465 26.516809 27.168205 27.56278 27.120538 25.354302 24.576772 24.642456 23.215611 23.345728 21.873023 21.112604 20.008283 19.548003 18.035731 17.138361 16.493839 15.712617 14.951337 14.29616 13.89472 13.396592 12.929965 12.51937 11.992104 11.123136 10.583733 10.275447 9.8692697 9.5030881 9.5119115 9.2699372 8.9796396 8.6223493 8.5474427 8.9290527 8.7620532 8.7213935 8.7638398 8.8455551 8.933164 9.015117 9.0898655 9.160355 9.2327123
22.78239 23.291817 23.916294 24.700259 25.665513 26.781528 27.756655 28.993347 29.33917 27.545993 27.204542 25.186804 24.130267 23.530857 24.563733 21.323496 20.37729 19.912381 19.695497 17.935891 17.409988 16.765914 15.784258 14.953604 14.115041 13.895374 13.378648 12.899889 12.431505 11.912531 11.219031 10.703745 10.309455 9.5677657 8.9553147 9.3999683 9.1773423 8.732315 8.357225 8.605847 8.7721303 8.6342799 8.5478885 8.6297167 8.7679924 8.8999224 9.0170197 9.1212508 9.2167288 9.3091447
22.992748 23.545047 24.246809 25.182086 26.418318 27.992296 29.585999 31.056638 28.852398 26.785456 27.133421 25.545493 23.753108 22.732273 22.382233 20.871355 20.047968 19.543842 18.672504 17.697856 17.717374 17.19204 15.854485 15.038431 14.312509 13.84949 13.325278 12.849869 12.344693 11.844588 11.378962 10.784316 10.178125 9.4660952 9.1958246 9.2302564 8.9584709 8.5678371 8.1330432 8.6394357 8.610134 8.3100891 8.1651972 8.4006749 8.6435792 8.8351091 8.9939348 9.1308123 9.2525175 9.365372
23.203187 23.79198 24.565392 25.671109 27.282368 29.259846 33.585791 29.568925 27.82125 26.156724 26.345069 25.504546 23.070268 21.950576 21.333018 21.054855 19.677011 18.998258 18.399532 17.524331 16.986056 16.65264 15.900966 15.335494 14.505373 13.837548 13.256187 12.818492 12.294321 11.812561 11.399906 10.715267 9.9623917 8.769725 9.1878787 8.9606913 8.5220134 8.4919219 8.4903822 8.5901465 8.3836141 7.6864207 7.4379686 8.0923081 8.4835656 8.7443739 8.9500908 9.1225273 9.2717994 9.4056323
23.419781 24.036817 24.864817 26.153058 28.272324 31.464773 31.089971 28.134695 27.040279 26.116673 25.575817 24.648149 22.483426 21.585107 20.919021 21.451528 19.136447 18.297616 17.861522 17.528259 16.746966 15.900558 15.296481 15.100894 14.804957 13.99604 13.153261 12.84516 12.278691 11.808973 11.307165 10.589188 9.6813834 9.0697384 8.8750491 8.6098253 7.7851179 8.195671 8.5425831 8.47733 8.1185282 6.9439654 6.5705243 7.7939483 8.3059249 8.6343629 8.8901874 9.1005667 9.2785324 9.43376
23.654203 24.296515 25.139976 26.633202 29.261391 32.328026 28.626225 27.954851 26.573231 25.768697 24.363374 23.329454 22.001684 22.122003 20.80359 19.703395 18.508628 17.684376 17.120814 16.891717 16.222104 15.360109 14.939067 14.465793 14.162108 13.626072 13.096551 12.883858 12.284444 11.862651 11.206402 10.487495 9.7053095 9.3866591 8.6035626 8.3672076 7.4815506 8.1761442 8.45712 8.2932834 7.8517011 6.941375 6.6926787 7.5857791 8.1204735 8.5107194 8.8191784 9.069307 9.2766231 9.4533069
23.922878 24.617966 25.394212 27.203729 29.619262 29.034969 27.383419 29.320558 25.663184 25.195637 23.803246 22.517943 21.572243 22.457879 20.415823 19.157296 17.881731 17.126395 16.480918 16.064659 15.527328 14.92798 14.831597 13.977176 14.163472 13.418391 12.970403 13.617812 12.263521 11.900017 11.055608 10.376553 9.8471034 9.3114404 8.0990334 8.4364225 8.021473 8.2993941 8.3054244 8.0338465 7.5071374 6.9099115 6.8430656 7.3627736 7.9191215 8.3777305 8.7423742 9.0333765 9.2699637 9.4676095
24.236603 25.10094 25.732786 27.144475 28.185314 27.020529 26.267873 26.797874 25.044135 26.631642 23.62722 22.078965 21.064113 20.715175 19.790292 18.719774 17.233649 16.74596 15.866554 15.377727 14.89551 14.466989 14.04752 13.607755 13.624035 13.061807 12.666635 14.326589 11.988788 11.371362 10.857863 10.378474 9.5916248 9.0461323 8.4083143 8.5546173 8.4083369 8.2108226 8.045016 7.6943502 6.9962567 6.1567218 6.2383662 7.0087263 7.6944308 8.2412303 8.6659532 8.9977135 9.2624283 9.4798066
24.579647 25.840944 26.615067 26.098743 26.235606 25.509666 25.345994 27.95145 24.553898 24.387273 23.448832 21.915746 20.576777 19.798633 19.039195 18.131912 17.154996 16.819006 15.373726 14.61763 14.250199 13.961487 13.59893 13.206547 12.906372 12.549788 12.150769 12.080779 11.272589 10.826581 10.687121 10.704808 9.8541153 8.813794 7.6738946 8.5573318 8.417093 7.6745896 7.619796 7.2960389 6.3711007 4.9224592 5.2693786 6.5804833 7.4621926 8.1119407 8.5973994 8.967531 9.2578037 9.4928106
24.949846 26.398584 27.961803 25.565573 25.026523 24.483503 24.398959 24.976798 24.312765 23.597559 24.472053 21.830723 20.113158 19.111206 18.292634 17.461927 16.654989 16.031915 15.021163 13.458783 13.539913 13.433994 13.130978 12.670438 12.403166 12.019587 11.6221 10.763127 10.195754 10.131933 10.434043 10.398305 9.9238998 9.1528139 8.4545905 8.6585847 8.2923283 6.45304 7.1318871 6.8948507 5.7673751 4.4951456 4.815951 6.2008601 7.2570826 8.0054189 8.5452274 8.9480655 9.2596392 9.5092385
25.565216 25.946074 26.240255 25.460206 24.624428 23.785661 23.580634 24.063815 25.525294 23.621782 25.919925 21.290809 19.59727 18.443729 17.51701 16.656716 15.957198 15.269902 14.074589 12.899565 12.718713 12.885698 12.672948 12.448351 12.065529 11.44604 11.225161 10.346727 8.8750347 9.477993 10.122649 10.197451 9.9105712 9.4092521 8.9674436 8.7848727 8.2629476 6.695581 7.0573996 6.562586 5.475548 3.6376287 4.3027542 5.9124411 7.1160955 7.9386739 8.5178355 8.9440869 9.2710227 9.5313137
26.028877 25.723927 25.031874 26.613216 24.742786 23.315084 22.952797 23.717955 27.783892 23.472568 22.170769 21.332342 18.909811 17.69093 16.525188 15.580099 15.003774 14.478516 13.153466 12.329019 11.4864 12.33195 12.217056 12.127295 11.918943 11.450247 10.905361 9.5385253 7.7323381 9.0071839 9.8437605 10.024575 9.8526189 9.5016176 9.140853 8.8240863 8.3244108 7.548178 7.1724734 6.3513114 5.6067406 1.9598593 3.6339981 5.7789376 7.0719498 7.9257837 8.5218822 8.9592813 9.2943299 9.5607626
25.683112 24.893926 24.303449 25.292123 25.111852 22.976056 22.392711 22.958219 25.175023 22.491418 20.409488 19.55915 17.711451 16.916937 14.741559 14.828066 14.316951 13.73822 11.924848 11.604245 9.0986806 11.882802 11.433324 11.74555 11.28694 11.156903 10.582441 9.1347776 7.690208 8.7697736 9.6237438 9.8532389 9.7437247 9.4601763 9.1159482 8.743782 8.2973227 7.7704942 7.1166924 6.1447881 5.1158396 2.9000305 4.0046677 5.9111841 7.144521 7.9737852 8.5608048 8.9957123 9.3310164 9.5987327
25.394261 24.290475 23.673392 23.99659 25.588201 22.670029 21.889181 21.933979 22.642634 20.324223 18.988792 18.904158 17.369692 16.572014 14.978042 15.122882 14.562705 13.558199 12.125591 11.599742 10.67807 11.733739 10.229802 11.324666 10.739906 10.625068 10.289004 9.440932 8.2607098 8.6504005 9.4447763 9.6709202 9.5738243 9.2996461 8.92971 8.4932634 8.0645209 7.6957448 6.9730512 5.5209128 5.5118594 4.4989727 4.9949483 6.2856216 7.3260843 8.0801625 8.6340736 9.0535541 9.3815177 9.6457577
